44479145 0
40635499 1
-15770595 1
-56457794 1
94723577 0
-58863049 1
32482021 1
-64896037 0
-29820049 0
48774810 0
45356860 1
14076161 0
15981633 1
87861362 0
-82918012 1
25016751 1
-7599900 0
-64859006 1
-70859333 1
48634839 1
-90283264 0
90870544 0
-27852003 0
59291324 1
30755195 1
22533350 1
-21566744 1
49450990 1
-60419606 1
86446970 1
63657966 1
8146739 0
-8953872 1
-51209335 0
200742 0
89944968 1
-92496138 0
10974517 1
87610773 1
8988641 0
-60130322 1
67947998 1
43605741 1
12192019 1
64155356 0
69622563 0
-16496806 1
-31683451 1
1921675 0
25224620 0
-28531532 1
51526739 0
-11309600 0
-35532574 0
62860900 0
88838707 0
4342018 1
-70246054 0
43903649 0
81919294 0
-477952 1
-22754237 0
-17685087 1
-59543359 1
92290959 1
-20644656 1
-24006209 1
47416683 1
-663752 0
20523371 0
-46633053 0
29242825 1
97464755 0
28868593 0
-86643350 1
-78795272 0
15862366 0
2160523 0
60261724 0
-12895886 1
-33456077 0
-43903293 1
-6066435 1
-99114961 1
7038759 0
-99334652 1
57387707 0
24382906 1
-84704181 0
-8492819 1
36993612 0
-20374503 0
12925111 1
86929562 1
-62367382 1
59014506 1
75211112 0
72030663 1
60515395 1
54069213 0
-12174347 0
-6794015 0
-66734909 0
50918811 1
77751880 1
-10071668 0
-7144411 0
74096981 1
-2956830 0
28442928 0
76449739 0
-99278342 0
42307914 0
95848742 0
46791179 0
-77444568 0
-29754034 1
-99327068 0
-78372458 1
12142822 1
-99934445 0
20566685 0
84239537 1
16063213 0
-64156939 0
3052712 1
81654766 1
27499508 1
-63127907 1
14589729 0
-66281120 1
-97264393 0
51644413 0
57542028 1
12703500 0
29749636 1
-39549395 1
-25067077 1
85383763 1
45522103 0
-78452985 0
45071236 0
75175237 0
-38817431 1
-89333415 0
63745440 0
-99777970 0
-94327189 1
-34420658 1
-24676478 1
21460991 1
70397172 0
29564724 1
97725821 1
-87532449 1
-66547706 1
38964444 1
-79941513 1
-35531423 0
-25181617 1
87095927 1
-40644714 1
81448803 0
63207698 0
-57990483 0
82920497 0
25240175 0
-93807156 1
96500938 0
26451424 0
14884038 0
-42015520 0
60643309 0
-25280880 0
62435675 0
67200428 0
779823 1
-11317577 1
79913341 0
97613172 0
-90140854 0
-19790264 0
-24999355 1
-29403443 0
740773 0
28449464 1
81321438 0
6625262 1
91478506 1
-41742071 1
59182080 0
-50349363 0
-90899139 1
7896022 1
-33346522 1
3791879 1
40129350 1
-53666502 0
-46293835 1
-8926833 0
34868629 1
52562760 1
87558921 0
-32206369 1
-74800796 1
-8888966 1
-13953799 0
-25336578 1
-4014595 1
84177938 1
-75538518 1
78784736 1
-6459898 0
-1451157 0
-77796286 1
-83300697 1
50047213 1
-9282990 1
-73237633 1
9211331 1
69501353 1
-4918053 0
-68579715 1
29974534 0
-42259360 0
69791995 0
26884922 0
-32557992 0
65947013 0
-35343256 1
-64627580 1
-48760916 0
34802265 1
55193417 1
35806565 1
-39636434 0
-44802228 1
87321924 0
28412029 1
-44198770 0
-43796624 0
74984926 1
34949636 0
-29670979 0
33081140 1
-11292787 0
-64760657 1
-95025440 0
30312469 1
-66977134 0
-23279934 0
-12878180 0
-55725133 1
-22207786 0
-13043615 0
-64521598 1
-79334634 1
-41931325 0
62789613 0
1959248 1
35565038 0
79746433 1
56001316 1
-22204466 1
3150219 0
47222172 0
-76114642 1
4785271 0
-14948038 1
64033634 1
-97449151 0
23224070 0
28287000 0
57325257 1
16791071 0
-95708294 1
47755322 1
61725336 0
60213494 1
-75352767 0
-75697255 1
68471634 0
-7659406 1
75519326 1
-49333237 1
9305997 0
-38519480 0
99446209 1
2809980 0
5678129 0
88805551 1
24387617 0
-35477701 0
51485038 0
83098748 0
-72246812 0
97653864 1
-81222781 1
-54664260 0
72348831 1
-41325604 1
-42949888 0
-15262058 1
65388136 1
29547330 1
-71290766 1
55131398 0
-7684786 0
17287780 0
48859537 1
-95162665 1
3639453 1
87336306 0
31055624 0
17291001 1
-13612458 0
-441523 0
-19791230 0
-61226987 1
73845542 1
-89029936 1
-94815085 0
67767303 0
24773468 1
68101145 1
-55494238 0
-91926723 0
-87911568 0
67595133 0
-84714006 1
75588826 1
46431303 0
-86375567 1
48857513 0
-82430351 0
-42367982 1
-54472290 1
59075849 0
-16250975 1
-76231858 1
-9019134 0
68309425 0
47726180 0
-69981314 0
-21148884 0
-69383065 1
-16813404 0
-62640003 1
-53421236 0
37221720 1
97301640 0
-89329186 1
-63989521 1
-69019431 0
31873116 0
69390064 1
-67377503 1
41480630 0
1759043 0
-58277506 0
36118457 1
24397057 0
-36161750 1
-91320100 0
99825863 0
-44940749 1
5310412 0
-39183571 1
37619886 1
60638544 1
-65917808 0
35296046 0
-88736922 0
68405333 0
24854709 1
36760710 0
3989453 0
-16480619 0
-20213062 0
24475221 1
29002762 1
3004 0
20171420 1
11659407 1
26008074 1
53626681 1
79825032 1
-20083659 0
-48860298 1
-58370344 0
-48763206 1
25726688 1
38256331 0
-90326246 1
-66175333 0
48530392 1
-87333146 1
-47276252 0
-64466943 1
96438678 0
79649292 0
-32692774 0
58588354 0
69142172 1
30740950 0
65660333 1
50238193 0
-24235717 1
-16797961 0
7429413 0
-30440484 0
82487316 1
17389937 1
-54150124 1
-49002879 1
52644927 0
24075314 1
70855255 0
-53048255 1
-11113311 1
90096905 0
95836908 1
-59356945 0
-97128845 0
76946261 1
-74770472 1
3005037 0
54694752 0
15926725 1
-3033608 0
14965466 1
-96095853 1
-37996783 0
-86174301 0
-13559255 1
-65929786 0
59725126 1
-36691488 0
57917481 1
84368829 1
-60275872 0
52227323 1
-74633264 1
95713557 1
-74089639 0
61771934 1
-57826269 1
66149956 1
95977722 0
60092846 1
77333771 1
12125710 0
12862721 0
-62345723 0
-33119193 0
-54477132 1
73456296 0
64633550 1
20062182 0
25403399 1
90007273 0
79761993 1
3469177 1
-17411443 1
48530326 1
55806905 1
2368184 1
90382509 1
74100914 0
28209747 0
-47362241 1
-10090502 0
52738727 0
-3062106 1
-26099441 1
80620248 1
-17776797 0
-97361119 1
-17653213 0
82228829 0
76450955 1
75432470 0
10895683 0
-57290766 0
-50122392 0
-55834915 0
-5296176 0
67592867 1
29982715 1
60339223 1
-65544805 1
73534381 1
40966039 1
56277272 1
-10664672 1
-88715854 0
97706303 0
90539725 0
79189103 0
-71174768 1
